0 0 -0.13727193312779 -0.980975449616716 0.1888823200055764
0 1 0.13727193312779 -0.980975449616716 0.1888823200055764
1 0 -0.504688910028901 -0.852317734456581 0.29679023294152
1 1 -0.13727193312779 -0.852317734456581 0.29679023294152
1 2 0.13727193312779 -0.852317734456581 0.29679023294152
1 3 0.504688910028901 -0.852317734456581 0.29679023294152
2 0 -0.700412884081724 -0.700412884081724 0.0347404340584938
2 1 -0.504688910028901 -0.700412884081724 0.229994331249486
2 2 -0.13727193312779 -0.700412884081724 0.0347404340584938
2 3 0.13727193312779 -0.700412884081724 0.0347404340584938
2 4 0.504688910028901 -0.700412884081724 0.229994331249486
2 5 0.700412884081724 -0.700412884081724 0.0347404340584938
3 0 -0.852317734456581 -0.504688910028901 0.29679023294152
3 1 -0.700412884081724 -0.504688910028901 0.229994331249486
3 2 -0.504688910028901 -0.504688910028901 0.229994331249486
3 3 -0.13727193312779 -0.504688910028901 0.29679023294152
3 4 0.13727193312779 -0.504688910028901 0.29679023294152
3 5 0.504688910028901 -0.504688910028901 0.229994331249486
3 6 0.700412884081724 -0.504688910028901 0.229994331249486
3 7 0.852317734456581 -0.504688910028901 0.29679023294152
4 0 -0.980975449616716 -0.13727193312779 0.1888823200055764
4 1 -0.852317734456581 -0.13727193312779 0.29679023294152
4 2 -0.700412884081724 -0.13727193312779 0.0347404340584938
4 3 -0.504688910028901 -0.13727193312779 0.29679023294152
4 4 -0.13727193312779 -0.13727193312779 0.1888823200055764
4 5 0.13727193312779 -0.13727193312779 0.1888823200055764
4 6 0.504688910028901 -0.13727193312779 0.29679023294152
4 7 0.700412884081724 -0.13727193312779 0.0347404340584938
4 8 0.852317734456581 -0.13727193312779 0.29679023294152
4 9 0.980975449616716 -0.13727193312779 0.1888823200055764
5 0 -0.980975449616716 0.13727193312779 0.1888823200055764
5 1 -0.852317734456581 0.13727193312779 0.29679023294152
5 2 -0.700412884081724 0.13727193312779 0.0347404340584938
5 3 -0.504688910028901 0.13727193312779 0.29679023294152
5 4 -0.13727193312779 0.13727193312779 0.1888823200055764
5 5 0.13727193312779 0.13727193312779 0.1888823200055764
5 6 0.504688910028901 0.13727193312779 0.29679023294152
5 7 0.700412884081724 0.13727193312779 0.0347404340584938
5 8 0.852317734456581 0.13727193312779 0.29679023294152
5 9 0.980975449616716 0.13727193312779 0.1888823200055764
6 0 -0.852317734456581 0.504688910028901 0.29679023294152
6 1 -0.700412884081724 0.504688910028901 0.229994331249486
6 2 -0.504688910028901 0.504688910028901 0.229994331249486
6 3 -0.13727193312779 0.504688910028901 0.29679023294152
6 4 0.13727193312779 0.504688910028901 0.29679023294152
6 5 0.504688910028901 0.504688910028901 0.229994331249486
6 6 0.700412884081724 0.504688910028901 0.229994331249486
6 7 0.852317734456581 0.504688910028901 0.29679023294152
7 0 -0.700412884081724 0.700412884081724 0.0347404340584938
7 1 -0.504688910028901 0.700412884081724 0.229994331249486
7 2 -0.13727193312779 0.700412884081724 0.0347404340584938
7 3 0.13727193312779 0.700412884081724 0.0347404340584938
7 4 0.504688910028901 0.700412884081724 0.229994331249486
7 5 0.700412884081724 0.700412884081724 0.0347404340584938
8 0 -0.504688910028901 0.852317734456581 0.29679023294152
8 1 -0.13727193312779 0.852317734456581 0.29679023294152
8 2 0.13727193312779 0.852317734456581 0.29679023294152
8 3 0.504688910028901 0.852317734456581 0.29679023294152
9 0 -0.13727193312779 0.980975449616716 0.1888823200055764
9 1 0.13727193312779 0.980975449616716 0.188882320005576